
 LIST ALL SELECTED KEYPOINTS.   DSYS=      0

     NO.                X,Y,Z LOCATION                    THXY,THYZ,THZX ANGLES
       1  0.000000      0.000000      0.000000         0.0000   0.0000   0.0000
       2 0.6000000      0.000000      0.000000         0.0000   0.0000   0.0000
       3 0.6000000    -0.1500000      0.000000         0.0000   0.0000   0.0000
       4 0.3375000    -0.1500000      0.000000         0.0000   0.0000   0.0000
       5 0.3000000    -0.1500000      0.000000         0.0000   0.0000   0.0000
       6 0.3000000    -0.1125000      0.000000         0.0000   0.0000   0.0000
       7 0.2625000    -0.1500000      0.000000         0.0000   0.0000   0.0000
       8  0.000000    -0.1500000      0.000000         0.0000   0.0000   0.0000

